  1.000000  0.000420
  0.998459  0.000492
  0.993844  0.000707
  0.986185  0.001061
  0.975528  0.001547
  0.961940  0.002159
  0.945503  0.002886
  0.926320  0.003716
  0.904508  0.004638
  0.880203  0.005638
  0.853553  0.006702
  0.824724  0.007817
  0.793893  0.008968
  0.761249  0.010141
  0.726995  0.011321
  0.691342  0.012492
  0.654508  0.013639
  0.616723  0.014746
  0.578217  0.015794
  0.539230  0.016767
  0.500000  0.017647
  0.460770  0.018414
  0.421783  0.019049
  0.383277  0.019536
  0.345492  0.019858
  0.308658  0.020000
  0.273005  0.019949
  0.238751  0.019697
  0.206107  0.019238
  0.175276  0.018570
  0.146447  0.017694
  0.119797  0.016618
  0.095492  0.015350
  0.073680  0.013902
  0.054497  0.012289
  0.038060  0.010527
  0.024472  0.008631
  0.013815  0.006618
  0.006156  0.004501
  0.001541  0.002292
  0.000000  0.000000
  0.001541 -0.002292
  0.006156 -0.004501
  0.013815 -0.006618
  0.024472 -0.008631
  0.038060 -0.010527
  0.054497 -0.012289
  0.073680 -0.013902
  0.095492 -0.015350
  0.119797 -0.016618
  0.146447 -0.017694
  0.175276 -0.018570
  0.206107 -0.019238
  0.238751 -0.019697
  0.273005 -0.019949
  0.308658 -0.020000
  0.345492 -0.019858
  0.383277 -0.019536
  0.421783 -0.019049
  0.460770 -0.018414
  0.500000 -0.017647
  0.539230 -0.016767
  0.578217 -0.015794
  0.616723 -0.014746
  0.654508 -0.013639
  0.691342 -0.012492
  0.726995 -0.011321
  0.761249 -0.010141
  0.793893 -0.008968
  0.824724 -0.007817
  0.853553 -0.006702
  0.880203 -0.005638
  0.904508 -0.004638
  0.926320 -0.003716
  0.945503 -0.002886
  0.961940 -0.002159
  0.975528 -0.001547
  0.986185 -0.001061
  0.993844 -0.000707
  0.998459 -0.000492
  1.000000 -0.000420