  1.000000  0.000525
  0.998459  0.000615
  0.993844  0.000884
  0.986185  0.001326
  0.975528  0.001934
  0.961940  0.002699
  0.945503  0.003607
  0.926320  0.004645
  0.904508  0.005798
  0.880203  0.007048
  0.853553  0.008378
  0.824724  0.009772
  0.793893  0.011210
  0.761249  0.012676
  0.726995  0.014151
  0.691342  0.015615
  0.654508  0.017049
  0.616723  0.018432
  0.578217  0.019743
  0.539230  0.020959
  0.500000  0.022058
  0.460770  0.023017
  0.421783  0.023812
  0.383277  0.024421
  0.345492  0.024823
  0.308658  0.025000
  0.273005  0.024937
  0.238751  0.024622
  0.206107  0.024048
  0.175276  0.023212
  0.146447  0.022118
  0.119797  0.020772
  0.095492  0.019187
  0.073680  0.017377
  0.054497  0.015361
  0.038060  0.013158
  0.024472  0.010789
  0.013815  0.008272
  0.006156  0.005626
  0.001541  0.002865
  0.000000  0.000000
  0.001541 -0.002865
  0.006156 -0.005626
  0.013815 -0.008272
  0.024472 -0.010789
  0.038060 -0.013158
  0.054497 -0.015361
  0.073680 -0.017377
  0.095492 -0.019187
  0.119797 -0.020772
  0.146447 -0.022118
  0.175276 -0.023212
  0.206107 -0.024048
  0.238751 -0.024622
  0.273005 -0.024937
  0.308658 -0.025000
  0.345492 -0.024823
  0.383277 -0.024421
  0.421783 -0.023812
  0.460770 -0.023017
  0.500000 -0.022058
  0.539230 -0.020959
  0.578217 -0.019743
  0.616723 -0.018432
  0.654508 -0.017049
  0.691342 -0.015615
  0.726995 -0.014151
  0.761249 -0.012676
  0.793893 -0.011210
  0.824724 -0.009772
  0.853553 -0.008378
  0.880203 -0.007048
  0.904508 -0.005798
  0.926320 -0.004645
  0.945503 -0.003607
  0.961940 -0.002699
  0.975528 -0.001934
  0.986185 -0.001326
  0.993844 -0.000884
  0.998459 -0.000615
  1.000000 -0.000525