1 0
.95 .004673
.9 .00931
.85 .013753
.8 .018018
.75 .021579
.7 .02463
.65 .027223
.6 .029353
.55 .031015
.5 .03218
.45 .032794
.4 .032775
.35 .032074
.3 .030785
.25 .0289
.2 .026363
.15 .023062
.1 .018798
.075 .016156
.05 .013029
.025 .009042
.0125 .00635
.0075 .004925
.005 .004052
0 0
.005 -.002717
.0075 -.003183
.0125 -.003792
.025 -.004714
.05 -.005731
.075 -.006358
.1 -.006817
.15 -.007407
.2 -.007732
.25 -.007854
.3 -.007804
.35 -.007592
.4 -.007198
.45 -.006513
.5 -.00558
.55 -.004489
.6 -.003315
.65 -.002117
.7 -.00096
.75 .000046
.8 .000702
.85 .000701
.9 .000517
.95 .000241
1 0